20170507 09:00  193.26  132.15    009    009    002    011     0     0     0     0     0
20170507 10:00  193.23  132.14    008    009    002    011     0     0     0     0     0
20170507 11:00  193.23  132.14    011    009    002    011     0     0     0     0     0
20170507 12:00  193.23  132.15    011    009    002    011     0     0     0     0     0
20170507 13:00  193.24  132.14    010    008    002    010     0     0     0     0     0
20170507 14:00  193.20  132.15    008    009    002    011     0     0     0     0     0
20170507 15:00  193.10  132.14    002    008    001    010     0     0     0     0     0
20170507 16:00  193.11  132.14    011    009    001    010     0     0     0     0     0
20170507 17:00  193.11  132.14    010    009    001    010     0     0     0     0     0
20170507 18:00  193.12  132.14    011    009    001    010     0     0     0     0     0
20170507 19:00  193.12  132.14    010    009    001    010     0     0     0     0     0
20170507 20:00  193.07  132.14    007    009    001    010     0     0     0     0     0
20170507 21:00  193.05  132.10    009    009    001    010     0     0     0     0     0
20170507 22:00  193.13  131.72    007    000    001    001     0     0     0     0     0
20170507 23:00  193.29  131.70    013    000    002    002     0     0     0     0     0
20170507 23:59  193.37  131.67    008    000    002    002     0     0     0     0     0
20170508 01:00  193.39  132.13    008    005    002    006     0     0     0     0     0
20170508 02:00  193.39  132.14    011    009    002    011     0     0     0     0     0
20170508 03:00  193.40  132.16    011    009    002    011     0     0     0     0     0
20170508 04:00  193.35  132.16    007    009    002    011     0     0     0     0     0
20170508 05:00  193.32  132.16    008    009    002    011     0     0     0     0     0
20170508 06:00  193.33  132.15    011    009    002    011     0     0     0     0     0
20170508 07:00  193.35  132.15    012    009    002    011     0     0     0     0     0
20170508 08:00  193.32  132.14    008    009    002    011     0     0     0     0     0
20170508 09:00  193.23  132.40    004    009    002    011     0     0     0     0     0